--------------------------------------
4	6	7	6	5	0	4	0	2	4	
--------------------------------------
4	6	6	7	5	0	4	0	2	4	
--------------------------------------
4	6	6	5	7	0	4	0	2	4	
--------------------------------------
4	6	6	5	0	7	4	0	2	4	
--------------------------------------
4	6	6	5	0	4	7	0	2	4	
--------------------------------------
4	6	6	5	0	4	0	7	2	4	
--------------------------------------
4	6	6	5	0	4	0	2	7	4	
--------------------------------------
4	6	6	5	0	4	0	2	4	7	
--------------------------------------
4	6	5	6	0	4	0	2	4	7	
--------------------------------------
4	6	5	0	6	4	0	2	4	7	
--------------------------------------
4	6	5	0	4	6	0	2	4	7	
--------------------------------------
4	6	5	0	4	0	6	2	4	7	
--------------------------------------
4	6	5	0	4	0	2	6	4	7	
--------------------------------------
4	6	5	0	4	0	2	4	6	7	
--------------------------------------
4	5	6	0	4	0	2	4	6	7	
--------------------------------------
4	5	0	6	4	0	2	4	6	7	
--------------------------------------
4	5	0	4	6	0	2	4	6	7	
--------------------------------------
4	5	0	4	0	6	2	4	6	7	
--------------------------------------
4	5	0	4	0	2	6	4	6	7	
--------------------------------------
4	5	0	4	0	2	4	6	6	7	
--------------------------------------
4	0	5	4	0	2	4	6	6	7	
--------------------------------------
4	0	4	5	0	2	4	6	6	7	
--------------------------------------
4	0	4	0	5	2	4	6	6	7	
--------------------------------------
4	0	4	0	2	5	4	6	6	7	
--------------------------------------
4	0	4	0	2	4	5	6	6	7	
--------------------------------------
0	4	4	0	2	4	5	6	6	7	
--------------------------------------
0	4	0	4	2	4	5	6	6	7	
--------------------------------------
0	4	0	2	4	4	5	6	6	7	
--------------------------------------
0	0	4	2	4	4	5	6	6	7	
--------------------------------------
0	0	2	4	4	4	5	6	6	7	
