--------------------------------------
6	8	0	8	6	4	4	2	3	3	
--------------------------------------
6	8	0	6	8	4	4	2	3	3	
--------------------------------------
6	8	0	6	4	8	4	2	3	3	
--------------------------------------
6	8	0	6	4	4	8	2	3	3	
--------------------------------------
6	8	0	6	4	4	2	8	3	3	
--------------------------------------
6	8	0	6	4	4	2	3	8	3	
--------------------------------------
6	8	0	6	4	4	2	3	3	8	
--------------------------------------
6	0	8	6	4	4	2	3	3	8	
--------------------------------------
6	0	6	8	4	4	2	3	3	8	
--------------------------------------
6	0	6	4	8	4	2	3	3	8	
--------------------------------------
6	0	6	4	4	8	2	3	3	8	
--------------------------------------
6	0	6	4	4	2	8	3	3	8	
--------------------------------------
6	0	6	4	4	2	3	8	3	8	
--------------------------------------
6	0	6	4	4	2	3	3	8	8	
--------------------------------------
0	6	6	4	4	2	3	3	8	8	
--------------------------------------
0	6	4	6	4	2	3	3	8	8	
--------------------------------------
0	6	4	4	6	2	3	3	8	8	
--------------------------------------
0	6	4	4	2	6	3	3	8	8	
--------------------------------------
0	6	4	4	2	3	6	3	8	8	
--------------------------------------
0	6	4	4	2	3	3	6	8	8	
--------------------------------------
0	4	6	4	2	3	3	6	8	8	
--------------------------------------
0	4	4	6	2	3	3	6	8	8	
--------------------------------------
0	4	4	2	6	3	3	6	8	8	
--------------------------------------
0	4	4	2	3	6	3	6	8	8	
--------------------------------------
0	4	4	2	3	3	6	6	8	8	
--------------------------------------
0	4	2	4	3	3	6	6	8	8	
--------------------------------------
0	4	2	3	4	3	6	6	8	8	
--------------------------------------
0	4	2	3	3	4	6	6	8	8	
--------------------------------------
0	2	4	3	3	4	6	6	8	8	
--------------------------------------
0	2	3	4	3	4	6	6	8	8	
--------------------------------------
0	2	3	3	4	4	6	6	8	8	
