--------------------------------------
0	7	1	7	8	4	4	5	8	7	
--------------------------------------
0	7	1	7	4	8	4	5	8	7	
--------------------------------------
0	7	1	7	4	4	8	5	8	7	
--------------------------------------
0	7	1	7	4	4	5	8	8	7	
--------------------------------------
0	7	1	7	4	4	5	8	7	8	
--------------------------------------
0	1	7	7	4	4	5	8	7	8	
--------------------------------------
0	1	7	4	7	4	5	8	7	8	
--------------------------------------
0	1	7	4	4	7	5	8	7	8	
--------------------------------------
0	1	7	4	4	5	7	8	7	8	
--------------------------------------
0	1	7	4	4	5	7	7	8	8	
--------------------------------------
0	1	4	7	4	5	7	7	8	8	
--------------------------------------
0	1	4	4	7	5	7	7	8	8	
--------------------------------------
0	1	4	4	5	7	7	7	8	8	
